<?xml version="1.0" encoding="UTF-8" standalone="no"?>
<!-- Created with Inkscape (http://www.inkscape.org/) -->

<svg
   width="210mm"
   height="297mm"
   viewBox="0 0 210 297"
   version="1.1"
   id="svg1"
   xml:space="preserve"
   inkscape:version="1.4.2 (ebf0e940d0, 2025-05-08)"
   sodipodi:docname="logo"
   xmlns:inkscape="http://www.inkscape.org/namespaces/inkscape"
   xmlns:sodipodi="http://sodipodi.sourceforge.net/DTD/sodipodi-0.dtd"
   xmlns="http://www.w3.org/2000/svg"
   xmlns:svg="http://www.w3.org/2000/svg"><sodipodi:namedview
     id="namedview1"
     pagecolor="#ffffff"
     bordercolor="#000000"
     borderopacity="0.25"
     inkscape:showpageshadow="2"
     inkscape:pageopacity="0.0"
     inkscape:pagecheckerboard="0"
     inkscape:deskcolor="#d1d1d1"
     inkscape:document-units="mm"
     inkscape:zoom="0.74920735"
     inkscape:cx="388.4105"
     inkscape:cy="557.25561"
     inkscape:window-width="1920"
     inkscape:window-height="1050"
     inkscape:window-x="0"
     inkscape:window-y="30"
     inkscape:window-maximized="1"
     inkscape:current-layer="layer1" /><defs
     id="defs1" /><g
     inkscape:label="Layer 1"
     inkscape:groupmode="layer"
     id="layer1"><path
       style="fill:#ffffff;stroke-width:0.61873"
       d="m 75.370748,157.35493 c 0.315215,-0.70944 0.596975,-1.1336 0.734035,-1.10502 0.297995,0.0622 1.222013,2.1546 0.9877,2.23666 -0.09751,0.0342 -0.244458,-0.0579 -0.326555,-0.20463 -0.193444,-0.34567 -1.207461,-0.36171 -1.338138,-0.0212 -0.05183,0.13506 -0.20097,0.24557 -0.33143,0.24557 -0.181122,0 -0.116252,-0.27222 0.274388,-1.15141 z m 1.092675,0.21009 c -0.0032,-0.0675 -0.09768,-0.28818 -0.209967,-0.49032 l -0.204166,-0.36755 -0.185077,0.49032 c -0.173743,0.4603 -0.160886,0.49033 0.209968,0.49033 0.217274,0 0.392433,-0.0553 0.389242,-0.12278 z m 3.443622,-0.19566 v -1.15491 h 0.634777 c 0.685553,0 1.100441,0.32659 0.941396,0.74106 -0.05363,0.13976 -0.0072,0.39879 0.10327,0.57562 0.326513,0.52283 -0.02591,0.8847 -0.91861,0.94324 l -0.760833,0.0499 z m 1.256785,0.54747 c 0.101783,-0.26523 -0.185961,-0.54934 -0.561036,-0.55393 -0.112548,-0.001 -0.204632,0.18166 -0.204632,0.40675 0,0.30224 0.08697,0.40927 0.332549,0.40927 0.182902,0 0.377806,-0.11794 0.433119,-0.26209 z m -0.141648,-1.09037 c 0.03783,-0.19644 -0.05033,-0.2846 -0.284605,-0.2846 -0.234279,0 -0.339415,0.10514 -0.339415,0.33942 0,0.41952 0.541837,0.37192 0.62402,-0.0548 z m 3.651103,1.25729 c -0.190403,-0.24206 -0.346187,-0.60045 -0.346187,-0.79642 0,-0.55866 0.585924,-1.07288 1.222477,-1.07288 1.542931,0 1.588833,2.12751 0.04876,2.25971 -0.466237,0.04 -0.646212,-0.036 -0.925045,-0.39041 z m 1.301633,-0.0743 c 0.358879,-0.19206 0.431483,-0.95986 0.120202,-1.27114 -0.108046,-0.10805 -0.351149,-0.19645 -0.540229,-0.19645 -0.469826,0 -0.736676,0.30541 -0.736676,0.84313 0,0.64826 0.553702,0.94718 1.156703,0.62446 z m 3.78721,0.30043 c -0.23151,-0.23151 -0.267901,-2.09543 -0.04091,-2.09543 0.08554,0 0.177629,0.42359 0.204632,0.94131 0.046,0.88183 0.07496,0.9413 0.45836,0.9413 0.383406,0 0.412367,-0.0595 0.458361,-0.9413 0.0641,-1.22893 0.360168,-1.2222 0.360168,0.008 0,1.0473 -0.17993,1.34239 -0.818529,1.34239 -0.234099,0 -0.514035,-0.0884 -0.622081,-0.19645 z m 4.878432,-0.71926 c 0,-0.77803 -0.04925,-0.92858 -0.327413,-1.00133 -0.611958,-0.16003 -0.330512,-0.37484 0.491117,-0.37484 0.450188,0 0.818531,0.0737 0.818531,0.1637 0,0.09 -0.147339,0.16371 -0.327414,0.16371 -0.291032,0 -0.327413,0.10914 -0.327413,0.98224 0,0.54568 -0.07276,0.98223 -0.163704,0.98223 -0.09004,0 -0.163704,-0.41207 -0.163704,-0.91571 z m 7.41422,-0.23569 c 0.31522,-0.70944 0.59698,-1.1336 0.73404,-1.10502 0.29799,0.0622 1.22201,2.1546 0.98769,2.23666 -0.0975,0.0342 -0.24445,-0.0579 -0.32655,-0.20463 -0.19345,-0.34567 -1.20745,-0.36171 -1.33814,-0.0212 -0.0518,0.13506 -0.20097,0.24557 -0.33143,0.24557 -0.18112,0 -0.11625,-0.27222 0.27439,-1.15141 z m 1.09268,0.21009 c -0.003,-0.0675 -0.10309,-0.29829 -0.22199,-0.51279 l -0.21619,-0.39001 -0.17876,0.51279 c -0.16859,0.48362 -0.15595,0.51279 0.22199,0.51279 0.22041,0 0.39814,-0.0553 0.39495,-0.12278 z m 3.44362,-0.20463 c 0,-1.39035 0.19112,-1.46603 0.99273,-0.39308 l 0.56247,0.75286 0.0499,-0.75286 c 0.0785,-1.18529 0.35937,-0.87814 0.35937,0.39308 0,0.63027 -0.0638,1.14594 -0.14181,1.14594 -0.078,0 -0.4095,-0.34359 -0.73667,-0.76354 l -0.59487,-0.76354 v 0.76354 c 0,0.56956 -0.0624,0.76354 -0.24556,0.76354 -0.19489,0 -0.24556,-0.23647 -0.24556,-1.14594 z m 5.56599,0.61097 c 0,-0.30291 -0.18009,-0.79999 -0.41517,-1.14594 -0.48279,-0.71049 -0.19846,-0.85184 0.3443,-0.17115 l 0.3507,0.43981 0.28818,-0.43981 c 0.15849,-0.2419 0.39286,-0.43982 0.52081,-0.43982 0.16843,0 0.11806,0.16861 -0.18254,0.61097 -0.23507,0.34595 -0.41516,0.84303 -0.41516,1.14594 0,0.36639 -0.0774,0.53497 -0.24556,0.53497 -0.16818,0 -0.24556,-0.16858 -0.24556,-0.53497 z m 4.58376,-0.44726 c 0,-0.8731 -0.0364,-0.98224 -0.32741,-0.98224 -0.18008,0 -0.32741,-0.0737 -0.32741,-0.16371 0,-0.09 0.36833,-0.1637 0.81852,-0.1637 0.82163,0 1.10308,0.21481 0.49112,0.37484 -0.27818,0.0727 -0.32741,0.2233 -0.32741,1.00133 0,0.50364 -0.0737,0.91571 -0.16371,0.91571 -0.091,0 -0.1637,-0.43655 -0.1637,-0.98223 z m 3.76523,-0.16371 c 0,-0.65483 0.0702,-1.14594 0.16371,-1.14594 0.09,0 0.1637,0.22567 0.1637,0.50148 0,0.46718 0.0364,0.49798 0.53205,0.4502 0.44332,-0.0428 0.54067,-0.12636 0.58384,-0.50149 0.10455,-0.90862 0.35746,-0.41635 0.35746,0.69575 0,1.1121 -0.25291,1.60436 -0.35746,0.69575 -0.0432,-0.37513 -0.14052,-0.45874 -0.58384,-0.50149 -0.49564,-0.0478 -0.53205,-0.017 -0.53205,0.45019 0,0.27582 -0.0737,0.50149 -0.1637,0.50149 -0.0935,0 -0.16371,-0.49112 -0.16371,-1.14594 z m 4.58376,0 c 0,-0.90948 0.0507,-1.14594 0.24556,-1.14594 0.19488,0 0.24556,0.23646 0.24556,1.14594 0,0.90947 -0.0507,1.14594 -0.24556,1.14594 -0.19489,0 -0.24556,-0.23647 -0.24556,-1.14594 z m 3.27412,0 c 0,-0.63027 0.0638,-1.14594 0.1418,-1.14594 0.078,0 0.4095,0.34359 0.73668,0.76354 l 0.59487,0.76354 v -0.76354 c 0,-0.56956 0.0624,-0.76354 0.24555,-0.76354 0.19489,0 0.24557,0.23646 0.24557,1.14594 0,1.39035 -0.19113,1.46603 -0.99275,0.39308 l -0.56246,-0.75286 -0.0499,0.75286 c -0.0786,1.18529 -0.35937,0.87813 -0.35937,-0.39308 z m 5.03115,0.85946 c -0.75765,-0.84073 -0.25855,-2.06779 0.80259,-1.97324 0.30669,0.0273 0.55425,0.12238 0.55013,0.21122 -0.004,0.0889 -0.22139,0.13909 -0.48283,0.11167 -0.56109,-0.0588 -0.91168,0.42788 -0.75574,1.0492 0.1281,0.51039 0.83497,0.70721 1.2063,0.33588 0.24657,-0.24657 0.23932,-0.26678 -0.0957,-0.26678 -0.19938,0 -0.3625,-0.0737 -0.3625,-0.1637 0,-0.09 0.22101,-0.16371 0.49112,-0.16371 0.36823,0 0.49112,0.0756 0.49112,0.30204 0,0.74396 -1.31755,1.14213 -1.84449,0.55742 z m -76.304452,-5.68683 c -4.320887,-0.8999 -6.773717,-2.62866 -6.506368,-4.58571 0.08497,-0.62196 0.749985,-1.10369 1.641935,-1.1894 0.922515,-0.0886 1.086153,0.10731 0.382913,0.45853 -0.715652,0.35741 -1.186867,0.84116 -1.186867,1.21841 0,0.81562 2.003956,2.07502 4.305675,2.70595 2.405056,0.65926 5.492132,0.70171 6.428172,0.0884 0.341647,-0.22386 0.407681,-0.38089 0.366509,-0.87157 -0.04201,-0.50071 -0.183993,-0.69997 -0.868749,-1.21928 -1.010249,-0.76615 -2.391969,-1.30754 -6.360938,-2.49237 -4.713698,-1.40714 -5.763378,-2.05253 -5.741566,-3.53013 0.02099,-1.42226 1.275665,-2.71948 3.464819,-3.58237 2.532275,-0.99813 7.080016,-1.36968 9.581695,-0.78283 2.048163,0.48046 3.148045,1.56827 2.837345,2.80619 -0.191622,0.76348 -1.574906,1.30968 -2.45832,0.97068 -0.438218,-0.16817 -0.291123,-0.3896 0.477728,-0.71916 2.590511,-1.11042 -2.417484,-2.29679 -6.593249,-1.56191 -3.3031,0.58131 -5.245639,1.40089 -5.731568,2.41824 -0.491008,1.02797 0.59291,1.63497 5.358713,3.00092 3.732709,1.06984 5.332583,1.814 6.435922,2.99356 0.694498,0.74247 0.77574,0.90886 0.77574,1.58869 0,1.68818 -1.048681,2.37424 -3.765231,2.46324 -1.075843,0.0353 -2.139937,-0.0314 -2.84431,-0.17807 z m 62.539512,-0.12643 c -0.23267,-0.92704 -0.45959,-5.91652 -0.40754,-8.96119 0.0533,-3.11816 0.13087,-3.71484 0.54901,-4.22276 0.0218,-0.0265 0.26971,0.1817 0.5508,0.46279 l 0.51105,0.51105 v 3.09442 3.09442 l 1.67798,-1.40652 c 3.35817,-2.81489 7.01177,-5.32236 8.0657,-5.5355 0.31581,-0.0639 0.61137,-0.0137 0.81852,0.13886 0.31622,0.23293 0.31008,0.25383 -0.24874,0.84605 -0.54283,0.57529 -3.24369,2.42534 -5.85759,4.01239 l -1.19198,0.72372 0.52648,0.40925 c 2.53876,1.97351 7.55819,6.19133 7.64806,6.42668 0.19135,0.50107 -1.04015,0.58241 -1.93168,0.12758 -1.44703,-0.73822 -5.91761,-4.7955 -6.46004,-5.86282 l -0.36444,-0.71711 -1.34114,0.9944 -1.34113,0.99439 -0.006,1.02384 c -0.0137,2.45987 -0.86188,5.1837 -1.19761,3.84606 z m -48.58988,-0.24324 c -0.329982,-0.0728 -0.791862,-0.99472 -0.791862,-1.58056 0,-0.55437 -0.07484,-0.53805 -0.676783,0.14752 -0.317003,0.36105 -0.650929,0.57297 -0.902821,0.57297 -0.486121,0 -1.203393,-0.6786 -1.203393,-1.1385 0,-0.46348 -0.270346,-0.4208 -0.39147,0.0618 -0.151878,0.60513 -0.899276,1.40411 -1.313457,1.40411 -0.201396,0 -0.536892,-0.18172 -0.745546,-0.40382 -0.368353,-0.39209 -0.376884,-0.469 -0.293735,-2.64805 0.0731,-1.91571 0.129039,-2.27597 0.382124,-2.46103 0.343964,-0.25152 0.709037,-0.2737 1.041538,-0.0633 0.202267,0.12799 0.20478,0.43335 0.01822,2.21209 -0.203292,1.93819 -0.176259,2.44167 0.115437,2.14998 0.06751,-0.0675 0.38807,-0.94539 0.712348,-1.95083 0.519521,-1.6108 0.636286,-1.83376 0.982412,-1.87594 0.788422,-0.0961 0.965729,0.24369 0.836578,1.60307 -0.219774,2.31323 0.03692,2.72251 0.744378,1.18687 0.369428,-0.80191 0.467159,-1.35347 0.659907,-3.72431 0.2674,-3.28908 0.334103,-3.51967 1.018132,-3.51967 0.294873,0 0.538687,0.10143 0.594702,0.2474 0.05221,0.13607 0.0046,1.24261 -0.105688,2.45897 -0.386448,4.26 -0.274354,6.63665 0.279972,5.93604 0.424246,-0.53619 1.170594,-2.92361 1.277936,-4.08785 l 0.115893,-1.257 -0.550178,-0.0526 c -0.737913,-0.0706 -0.752141,-0.52429 -0.01866,-0.59503 0.425152,-0.041 0.55074,-0.13929 0.62757,-0.49112 0.173778,-0.7958 0.217633,-0.84912 0.698345,-0.84912 0.575164,0 0.909204,0.35428 0.764352,0.81067 -0.08623,0.2717 -0.03448,0.33574 0.27296,0.33778 0.53298,0.004 0.854191,0.24535 0.735774,0.55393 -0.06091,0.15874 -0.291906,0.26209 -0.585794,0.26209 -0.593386,0 -0.613826,0.0629 -0.755331,2.32326 -0.109423,1.74791 -0.01692,2.75161 0.253594,2.75161 0.07878,0 0.410981,-0.56421 0.73822,-1.25379 0.581782,-1.22599 0.598698,-1.31767 0.762717,-4.13357 0.09225,-1.58388 0.242063,-2.97186 0.332905,-3.0844 0.226147,-0.28019 0.859565,-0.25759 1.106088,0.0395 0.158781,0.19132 0.162977,0.66022 0.01941,2.1691 -0.100737,1.05876 -0.222528,2.40386 -0.270645,2.98911 l -0.08749,1.06408 0.512126,-0.86159 c 0.570857,-0.96038 0.94269,-1.22926 1.595751,-1.1539 0.361081,0.0417 0.43531,0.12602 0.405075,0.46029 -0.209284,2.31372 -0.237096,3.43782 -0.08506,3.43782 0.232488,0 0.701851,-0.82967 1.250256,-2.21003 0.525916,-1.32375 0.79838,-1.67876 1.524207,-1.98599 0.569677,-0.24113 1.132771,-0.12019 1.499878,0.32215 0.11543,0.13908 0.315153,0.21248 0.44383,0.1631 0.128675,-0.0494 0.418702,-0.0434 0.644504,0.0132 l 0.410549,0.10305 -0.04257,1.82162 c -0.02895,1.2387 0.01645,1.84223 0.141877,1.886 0.245412,0.0856 1.041147,-1.92889 1.160729,-2.93857 0.115004,-0.97104 0.406751,-1.30163 1.090009,-1.23516 0.562529,0.0548 0.547768,-0.0145 0.359636,1.68683 l -0.108616,0.98223 0.423172,-0.7841 c 0.447967,-0.83004 1.113162,-1.24735 1.551734,-0.97348 0.187586,0.11715 0.229839,0.44684 0.190459,1.4861 -0.03147,0.83053 0.01244,1.33557 0.116125,1.33557 0.202738,0 0.679082,-0.65929 1.153211,-1.59613 0.348574,-0.68875 0.836578,-0.94085 0.836578,-0.43218 0,0.44514 -1.009182,2.18559 -1.513204,2.60969 -0.882745,0.74278 -1.65236,0.33612 -1.8493,-0.97717 -0.06159,-0.41074 -0.172403,-0.70947 -0.246243,-0.66383 -0.07384,0.0457 -0.225094,0.5053 -0.336121,1.02149 -0.254376,1.18262 -0.406781,1.37644 -1.034212,1.31521 -0.44219,-0.0431 -0.511637,-0.11807 -0.557887,-0.60182 l -0.05283,-0.55253 -0.401924,0.59148 c -0.520139,0.76546 -1.084588,0.91442 -1.710741,0.45149 l -0.473076,-0.34976 -0.249499,0.48247 c -0.302649,0.58527 -0.852966,0.99347 -1.33932,0.99347 -0.540995,0 -1.336935,-0.75993 -1.553694,-1.48341 l -0.191974,-0.64075 -0.506732,0.55951 c -0.701855,0.77496 -1.136157,0.86825 -1.649946,0.35447 -0.409316,-0.40932 -0.475036,-0.75283 -0.426183,-2.22764 l 0.01898,-0.57297 -0.228304,0.40926 c -0.125566,0.2251 -0.393063,0.96178 -0.594437,1.63706 -0.491135,1.64698 -0.536439,1.71891 -1.082503,1.71891 -0.439232,0 -0.47688,-0.0497 -0.523382,-0.69098 l -0.05011,-0.691 -0.498896,0.56822 c -0.383538,0.43682 -0.626126,0.56821 -1.049147,0.56821 -0.572158,0 -0.811348,-0.25792 -1.043207,-1.12487 -0.10185,-0.38083 -0.142341,-0.34811 -0.622767,0.50315 -0.513301,0.90952 -1.079203,1.29256 -1.70546,1.15438 z m 12.137977,-1.02222 c 0.610704,-0.32684 1.083499,-2.65605 0.772908,-3.80771 -0.179353,-0.66504 -0.836194,-0.62038 -1.203845,0.0819 -0.347902,0.6645 -0.50477,3.03032 -0.234424,3.53547 0.215212,0.40212 0.250739,0.41229 0.665361,0.19039 z m 50.112513,0.55946 c -1.26703,-1.06614 -1.05138,-4.5086 0.34642,-5.52984 0.57194,-0.41786 1.343,-0.4138 1.80836,0.01 0.20185,0.18363 0.46225,0.29921 0.57866,0.25686 0.11641,-0.0423 0.39868,-0.0301 0.62727,0.0274 l 0.41562,0.10431 -0.11488,1.77248 c -0.0863,1.33098 -0.0647,1.80353 0.0868,1.89712 0.11391,0.0704 0.26459,0.0265 0.3463,-0.10098 0.3673,-0.57286 0.84495,-2.09684 0.86601,-2.76304 0.0288,-0.91001 0.16903,-1.14594 0.68131,-1.14594 0.33487,0 0.3996,0.0796 0.3996,0.49112 0,0.46383 0.0364,0.49111 0.65483,0.49111 0.75412,0 0.77875,0.088 0.47881,1.71053 -0.18959,1.02558 -0.0926,1.81145 0.20116,1.6299 0.27074,-0.16734 1.07892,-2.0385 1.19827,-2.77434 0.22238,-1.3711 0.22945,-1.38462 0.72412,-1.38462 0.76043,0 0.85912,0.26723 0.64854,1.75624 -0.19521,1.38037 -0.1007,2.24109 0.23388,2.13006 0.32521,-0.10792 1.08545,-2.26483 1.0925,-3.09956 0.007,-0.88953 0.48973,-1.57808 1.15242,-1.64549 0.376,-0.0382 0.40884,0.0116 0.40408,0.6132 -0.003,0.36015 -0.0585,1.17049 -0.12359,1.80076 l -0.11841,1.14594 0.27088,-0.65483 c 0.14898,-0.36015 0.45093,-0.89839 0.671,-1.19609 0.32837,-0.44421 0.49277,-0.53227 0.9168,-0.49112 0.50301,0.0488 0.51557,0.0696 0.47481,0.78683 l -0.0419,0.73668 0.68401,-1.06409 c 0.3762,-0.58525 0.80022,-1.15383 0.94225,-1.26351 0.35073,-0.27086 1.14895,-0.26179 1.25488,0.0142 0.0473,0.12325 -0.0285,0.87834 -0.16832,1.67798 -0.29594,1.6919 -0.33195,2.74835 -0.0885,2.59791 0.23295,-0.14397 0.88006,-1.47078 1.21212,-2.48532 0.35851,-1.09532 0.7784,-1.61745 1.48945,-1.85212 0.48028,-0.1585 0.66838,-0.14082 1.17974,0.11093 2.09859,1.03315 1.40061,4.80385 -0.88867,4.8008 -0.5933,-6.2e-4 -1.46207,-0.53367 -1.60519,-0.98456 l -0.11201,-0.35294 -0.25512,0.38257 c -0.88655,1.32945 -1.75057,1.66075 -2.26874,0.86993 -0.21228,-0.32399 -0.25368,-0.67686 -0.19206,-1.63705 0.0432,-0.67323 0.0536,-1.22405 0.0231,-1.22405 -0.0305,0 -0.35028,0.5864 -0.71063,1.30311 -0.62477,1.2426 -1.13058,1.77562 -1.48003,1.55965 -0.0882,-0.0545 -0.16032,-0.57357 -0.16032,-1.15351 0,-0.57993 -0.0629,-1.05442 -0.13986,-1.05442 -0.13236,0 -0.844,2.16207 -0.84289,2.56085 5.9e-4,0.21261 -0.37011,0.38585 -0.82564,0.38585 -0.36806,0 -0.6472,-0.46474 -0.6472,-1.07753 v -0.44424 l -0.36833,0.5409 c -0.20259,0.29749 -0.48585,0.6139 -0.62949,0.70313 -0.41383,0.25711 -1.11325,-0.0137 -1.44516,-0.55943 l -0.30467,-0.50097 -0.29266,0.49543 c -0.16096,0.27249 -0.53032,0.62343 -0.82079,0.77986 -0.49664,0.26746 -0.55328,0.26793 -0.9502,0.008 -0.53945,-0.35347 -0.65114,-0.82439 -0.55411,-2.3363 0.0945,-1.47264 -0.11831,-1.52182 -0.5467,-0.12635 -0.60718,1.9779 -1.50753,2.7395 -2.43125,2.05657 l -0.48699,-0.36005 -0.2495,0.48248 c -0.5344,1.0334 -1.38821,1.25547 -2.20018,0.57225 z m 1.82584,-1.33384 c 0.37393,-0.94887 0.48835,-2.07976 0.28632,-2.83003 -0.14742,-0.54748 -0.24577,-0.66431 -0.52432,-0.62277 -0.67677,0.10092 -1.00572,0.8297 -1.0805,2.39383 -0.0572,1.19704 -0.0219,1.49093 0.20647,1.71934 0.37834,0.37833 0.80179,0.12687 1.11203,-0.66037 z m 19.56615,-1.72021 c 0.11961,-1.44236 -0.62185,-2.67478 -1.08549,-1.80424 -0.37545,0.70494 -0.28071,2.40215 0.1586,2.84146 0.31217,0.31218 0.36916,0.32075 0.59973,0.0902 0.14135,-0.14134 0.28701,-0.6433 0.32716,-1.12738 z m -56.57511,2.77952 c -0.404984,-0.66328 -0.681977,-1.65526 -0.683171,-2.44662 l -0.0012,-0.60492 -0.777602,-0.0499 c -0.559889,-0.0359 -0.777602,-0.11865 -0.777602,-0.29546 0,-0.1779 0.243873,-0.26811 0.885199,-0.32741 l 0.885199,-0.0818 0.387969,-1.47335 c 0.492794,-1.87145 1.780606,-4.50638 2.722508,-5.57042 1.3379,-1.51137 3.37288,-2.18082 4.99324,-1.64262 2.21113,0.73442 3.53932,3.13264 4.04229,7.29894 0.0675,0.55887 0.17875,0.77991 0.45327,0.90037 0.20011,0.0878 0.38748,0.32622 0.41638,0.52977 0.0421,0.29643 -0.0437,0.38936 -0.43093,0.46681 -0.45297,0.0906 -0.49033,0.15736 -0.59228,1.05854 -0.13844,1.22364 -0.5461,2.60645 -0.76839,2.60645 -0.11585,0 -0.13317,-0.58616 -0.0536,-1.81402 l 0.11757,-1.81403 -4.8103,0.11446 c -2.64568,0.063 -4.865235,0.16436 -4.932355,0.22534 -0.06712,0.061 -0.16392,0.69687 -0.215108,1.41308 -0.159811,2.23606 -0.283755,2.45288 -0.86139,1.50684 z m 3.65412,-4.21015 c 1.33157,-0.17177 5.47707,-0.49234 6.40066,-0.49496 l 0.50726,-10e-4 -0.14485,-0.94132 c -0.3631,-2.3597 -1.285,-4.30414 -2.42582,-5.11647 -1.09836,-0.7821 -2.5353,-0.5731 -3.88855,0.56559 -1.20552,1.01437 -2.531276,3.62539 -2.894223,5.70005 l -0.107962,0.61711 0.621916,-0.0798 c 0.342059,-0.0439 1.211259,-0.15584 1.931569,-0.24876 z m 55.57877,3.45841 c -0.60809,-0.60808 -0.84396,-1.53813 -0.78514,-3.0957 0.0453,-1.20024 0.071,-1.27616 0.5006,-1.48154 0.24905,-0.11907 0.58782,-0.17364 0.75282,-0.12127 0.26311,0.0835 0.29168,0.24069 0.2324,1.27892 -0.0712,1.24646 0.21188,2.57949 0.57328,2.69995 0.28538,0.0951 0.64189,-0.84582 0.89341,-2.35804 0.1874,-1.12671 0.25917,-1.29288 0.57816,-1.3387 0.44572,-0.064 0.47186,0.33604 0.12797,1.9585 -0.54348,2.56415 -1.74204,3.58934 -2.8735,2.45788 z m -44.48771,-0.0241 c -0.40627,-0.24771 -0.53205,-0.43831 -0.53205,-0.80623 0,-0.85601 0.71463,-1.23469 1.52504,-0.80812 0.46751,0.24608 0.59759,0.45685 0.60063,0.97328 0.003,0.45048 -0.44061,0.96709 -0.82891,0.96607 -0.12797,-3.4e-4 -0.47209,-0.14659 -0.76471,-0.325 z m 29.34425,-5.18939 c -0.50786,-0.13375 -0.73668,-0.38347 -0.73668,-0.80394 0,-1.0536 2.39199,-1.36705 2.71304,-0.35552 0.21335,0.67222 -1.0383,1.40652 -1.97636,1.15946 z"
       id="path1"
       inkscape:export-filename="logo.png"
       inkscape:export-xdpi="96"
       inkscape:export-ydpi="96" /><rect
       style="fill:none;fill-opacity:0.290917;stroke:none;stroke-width:4.99999;stroke-miterlimit:4.2;paint-order:stroke markers fill"
       id="rect1"
       width="132.29167"
       height="132.29167"
       x="38.854164"
       y="82.354164" /></g></svg>
